52,4
52,3
52,2
52,1
52,0
51,3
51,2
51,1
51,0
0,278
48,5
48,2
48,0
50,52
50,51
50,50
50,49
50,48
50,47
50,46
50,45
50,44
50,43
50,42
50,41
50,40
50,39
50,38
50,37
50,36
50,35
48,4
27,4
31,5
29,1
29,3
30,4
48,1
48,3
27,1
27,3
31,1
31,3
26,1
26,3
30,1
30,3
42,2
3,2
3,1
3,3
10,235
10,283
10,91
10,233
10,241
10,2
10,3
11,15
9,5
9,1
9,7
9,2
9,3
8,13
8,4
8,6
8,7
21,3
21,2
21,1
21,0
12,3
12,2
12,1
11,29
11,28
11,27
11,25
11,24
11,23
11,22
11,21
11,19
11,17
11,13
11,11
11,10
11,9
11,8
11,7
11,6
11,5
11,4
11,3
11,2
11,1
10,296
10,277
10,273
10,271
10,269
20,2
20,1
20,3
19,2
19,1
19,3
10,263
10,261
10,257
